Homes:
  main:
    X: -1195.2008000096866
    Y: 106.0
    Z: 311.8994578651199
    Yaw: 136.70361
    Pitch: 37.164463
    World: world
