Homes:
  main:
    X: -1006.1416469591069
    Y: 106.0
    Z: 687.1858274040985
    Yaw: -173.21033
    Pitch: 36.003014
    World: world
