Homes:
  main:
    X: -1370.651397901087
    Y: 64.0
    Z: 323.3888652058536
    Yaw: 150.3836
    Pitch: 25.306591
    World: world
