Homes:
  main:
    X: -1879.7345816643801
    Y: 67.0625
    Z: 697.6033657708069
    Yaw: 116.099106
    Pitch: 19.199953
    World: world
